0
120
99.452190 5.000000 10.452846
97.814760 10.000000 20.791169
95.105652 15.000000 30.901699
91.354546 20.000000 40.673664
86.602541 25.000000 49.999999
80.901700 30.000000 58.778524
74.314483 35.000000 66.913060
66.913062 40.000000 74.314482
58.778527 45.000000 80.901698
50.000002 50.000000 86.602539
40.673666 55.000000 91.354545
30.901701 60.000000 95.105651
20.791171 65.000000 97.814760
10.452849 70.000000 99.452189
0.000003 75.000000 100.000000
-10.452843 80.000000 99.452190
-20.791166 85.000000 97.814761
-30.901696 90.000000 95.105653
-40.673661 95.000000 91.354547
-49.999997 100.000000 86.602542
-58.778522 105.000000 80.901702
-66.913058 110.000000 74.314485
-74.314480 115.000000 66.913064
-80.901697 120.000000 58.778529
-86.602538 125.000000 50.000004
-91.354544 130.000000 40.673669
-95.105650 135.000000 30.901704
-97.814759 140.000000 20.791174
-99.452189 145.000000 10.452851
-100.000000 150.000000 0.000005
-99.452190 155.000000 -10.452841
-97.814761 160.000000 -20.791163
-95.105653 165.000000 -30.901694
-91.354548 170.000000 -40.673659
-86.602544 175.000000 -49.999995
-80.901703 180.000000 -58.778520
-74.314487 185.000000 -66.913056
-66.913066 190.000000 -74.314478
-58.778531 195.000000 -80.901695
-50.000006 200.000000 -86.602537
-40.673671 205.000000 -91.354543
-30.901707 210.000000 -95.105649
-20.791177 215.000000 -97.814758
-10.452854 220.000000 -99.452189
-0.000008 225.000000 -100.000000
10.452838 230.000000 -99.452190
20.791161 235.000000 -97.814762
30.901691 240.000000 -95.105654
40.673656 245.000000 -91.354549
49.999992 250.000000 -86.602545
58.778518 255.000000 -80.901705
66.913054 260.000000 -74.314489
74.314476 265.000000 -66.913068
80.901694 270.000000 -58.778533
86.602535 275.000000 -50.000009
91.354542 280.000000 -40.673673
95.105648 285.000000 -30.901709
97.814758 290.000000 -20.791179
99.452188 295.000000 -10.452857
100.000000 300.000000 -0.000011
99.452191 305.000000 10.452835
97.814762 310.000000 20.791158
95.105655 315.000000 30.901689
91.354550 320.000000 40.673654
86.602546 325.000000 49.999990
80.901706 330.000000 58.778516
74.314491 335.000000 66.913052
66.913070 340.000000 74.314474
58.778535 345.000000 80.901692
50.000011 350.000000 86.602534
40.673676 355.000000 91.354541
30.901712 360.000000 95.105648
20.791182 365.000000 97.814757
10.452859 370.000000 99.452188
0.000013 375.000000 100.000000
-10.452833 380.000000 99.452191
-20.791156 385.000000 97.814763
-30.901686 390.000000 95.105656
-40.673651 395.000000 91.354552
-49.999988 400.000000 86.602548
-58.778514 405.000000 80.901708
-66.913050 410.000000 74.314492
-74.314473 415.000000 66.913072
-80.901691 420.000000 58.778537
-86.602533 425.000000 50.000013
-91.354540 430.000000 40.673678
-95.105647 435.000000 30.901714
-97.814757 440.000000 20.791184
-99.452188 445.000000 10.452862
-100.000000 450.000000 0.000016
-99.452191 455.000000 -10.452830
-97.814763 460.000000 -20.791153
-95.105657 465.000000 -30.901684
-91.354553 470.000000 -40.673649
-86.602549 475.000000 -49.999985
-80.901710 480.000000 -58.778511
-74.314494 485.000000 -66.913048
-66.913074 490.000000 -74.314471
-58.778540 495.000000 -80.901689
-50.000015 500.000000 -86.602531
-40.673681 505.000000 -91.354538
-30.901717 510.000000 -95.105646
-20.791187 515.000000 -97.814756
-10.452865 520.000000 -99.452188
-0.000019 525.000000 -100.000000
10.452827 530.000000 -99.452192
20.791150 535.000000 -97.814764
30.901681 540.000000 -95.105658
40.673647 545.000000 -91.354554
49.999983 550.000000 -86.602550
58.778509 555.000000 -80.901711
66.913046 560.000000 -74.314496
74.314469 565.000000 -66.913076
80.901687 570.000000 -58.778542
86.602530 575.000000 -50.000018
91.354537 580.000000 -40.673683
95.105645 585.000000 -30.901719
97.814756 590.000000 -20.791190
99.452187 595.000000 -10.452867
100.000000 600.000000 -0.000021
